0.000000000000000000e+00 -4.000000000000000000e+03 0.000000000000000000e+00
1.000000000000000000e+02 -3.988172051971716883e+03 0.000000000000000000e+00
2.000000000000000000e+02 -3.952874741692946827e+03 0.000000000000000000e+00
3.000000000000000000e+02 -3.894664728832377477e+03 0.000000000000000000e+00
4.000000000000000000e+02 -3.814460020065795561e+03 0.000000000000000000e+00
5.000000000000000000e+02 -3.713525491562421394e+03 0.000000000000000000e+00
6.000000000000000000e+02 -3.593452941132117303e+03 0.000000000000000000e+00
7.000000000000000000e+02 -3.456135984623034346e+03 0.000000000000000000e+00
8.000000000000000000e+02 -3.303740192468495479e+03 0.000000000000000000e+00
9.000000000000000000e+02 -3.138668937347609244e+03 0.000000000000000000e+00
1.000000000000000000e+03 -2.963525491562421394e+03 0.000000000000000000e+00
1.100000000000000000e+03 -2.781071971878586737e+03 0.000000000000000000e+00
1.200000000000000000e+03 -2.594185779293969972e+03 0.000000000000000000e+00
1.300000000000000000e+03 -2.405814220706030937e+03 0.000000000000000000e+00
1.400000000000000000e+03 -2.218928028121413718e+03 0.000000000000000000e+00
1.500000000000000000e+03 -2.036474508437579061e+03 0.000000000000000000e+00
1.600000000000000000e+03 -1.861331062652391211e+03 0.000000000000000000e+00
1.700000000000000000e+03 -1.696259807531504975e+03 0.000000000000000000e+00
1.800000000000000000e+03 -1.543864015376966108e+03 0.000000000000000000e+00
1.900000000000000000e+03 -1.406547058867883152e+03 0.000000000000000000e+00
2.000000000000000000e+03 -1.286474508437579061e+03 0.000000000000000000e+00
2.100000000000000000e+03 -1.185539979934204666e+03 0.000000000000000000e+00
2.200000000000000000e+03 -1.105335271167622750e+03 0.000000000000000000e+00
2.300000000000000000e+03 -1.047125258307053628e+03 0.000000000000000000e+00
2.400000000000000000e+03 -1.011827948028283345e+03 0.000000000000000000e+00
2.500000000000000000e+03 -1.000000000000000000e+03 0.000000000000000000e+00
2.600000000000000000e+03 -1.011827948028283117e+03 0.000000000000000000e+00
2.700000000000000000e+03 -1.047125258307052945e+03 0.000000000000000000e+00
2.800000000000000000e+03 -1.105335271167622523e+03 0.000000000000000000e+00
2.900000000000000000e+03 -1.185539979934204212e+03 0.000000000000000000e+00
3.000000000000000000e+03 -1.286474508437578606e+03 0.000000000000000000e+00
3.100000000000000000e+03 -1.406547058867882697e+03 0.000000000000000000e+00
3.200000000000000000e+03 -1.543864015376965654e+03 0.000000000000000000e+00
3.300000000000000000e+03 -1.696259807531505430e+03 0.000000000000000000e+00
3.400000000000000000e+03 -1.861331062652391665e+03 0.000000000000000000e+00
3.500000000000000000e+03 -2.036474508437578379e+03 0.000000000000000000e+00
3.600000000000000000e+03 -2.218928028121412808e+03 0.000000000000000000e+00
3.700000000000000000e+03 -2.405814220706030028e+03 0.000000000000000000e+00
3.800000000000000000e+03 -2.594185779293969063e+03 0.000000000000000000e+00
3.900000000000000000e+03 -2.781071971878587647e+03 0.000000000000000000e+00
4.000000000000000000e+03 -2.963525491562420484e+03 0.000000000000000000e+00
4.100000000000000000e+03 -3.138668937347607425e+03 0.000000000000000000e+00
4.200000000000000000e+03 -3.303740192468495025e+03 0.000000000000000000e+00
4.300000000000000000e+03 -3.456135984623033892e+03 0.000000000000000000e+00
4.400000000000000000e+03 -3.593452941132117758e+03 0.000000000000000000e+00
4.500000000000000000e+03 -3.713525491562420939e+03 0.000000000000000000e+00
4.600000000000000000e+03 -3.814460020065794652e+03 0.000000000000000000e+00
4.700000000000000000e+03 -3.894664728832377477e+03 0.000000000000000000e+00
4.800000000000000000e+03 -3.952874741692946372e+03 0.000000000000000000e+00
4.900000000000000000e+03 -3.988172051971716428e+03 0.000000000000000000e+00
5.000000000000000000e+03 -4.000000000000000000e+03 0.000000000000000000e+00
5.000000000000000000e+03 -6.000000000000000000e+03 0.000000000000000000e+00
0.000000000000000000e+00 -6.000000000000000000e+03 0.000000000000000000e+00
